Well	Content	Raw Data	Raw Data	Raw Data	Raw Data	Raw Data	Raw Data	Raw Data	Raw Data	Raw Data	Raw Data	Raw Data	Raw Data	Raw Data	Raw Data	Raw Data	Raw Data	Raw Data	Raw Data	Raw Data	Raw Data	Raw Data	Raw Data	Raw Data	Raw Data	Raw Data	Raw Data	Raw Data	Raw Data	Raw Data	Raw Data	Raw Data	Raw Data	Raw Data	Raw Data	Raw Data	Raw Data	Raw Data	Raw Data	Raw Data	Raw Data	Raw Data	Raw Data	Raw Data	Raw Data	Raw Data	Raw Data	Raw Data	Raw Data	Raw Data	Raw Data
	Time	0 min 	4 min 15 s	8 min 30 s	12 min 45 s	17 min 	21 min 15 s	25 min 30 s	29 min 44 s	33 min 59 s	38 min 14 s	42 min 29 s	46 min 44 s	50 min 58 s	55 min 13 s	59 min 28 s	63 min 43 s	67 min 58 s	72 min 13 s	76 min 27 s	80 min 42 s	84 min 58 s	89 min 13 s	93 min 28 s	97 min 44 s	101 min 58 s	106 min 14 s	110 min 29 s	114 min 43 s	118 min 58 s	123 min 13 s	127 min 27 s	131 min 42 s	135 min 57 s	140 min 12 s	144 min 26 s	148 min 41 s	152 min 56 s	157 min 11 s	161 min 25 s	165 min 40 s	169 min 54 s	174 min 9 s	178 min 24 s	182 min 38 s	186 min 53 s	191 min 8 s	195 min 22 s	199 min 37 s	203 min 52 s	208 min 6 s
A01	Sample X1	1522882	1581296	1605780	1590542	1542231	1514065	1423460	1354541	1252030	1149583	1002832	877366	711765	528171	346603	203736	144793	124110	103355	98310	85493	88796	81273	76737	74372	72388	70837	70316	67358	67265	66081	61041	66868	59980	69922	57818	63588	63205	60312	70423	67988	58366	56470	65982	57995	64348	57446	59476	56836	55326
A02	Sample X2	1369631	1493311	1525513	1521160	1510398	1434195	1343877	1248598	1121416	972338	833357	620903	463493	340418	287383	295312	280857	274335	235196	311560	288631	302331	276191	296331	307840	279956	279403	262936	258485	254041	223236	228288	222915	208011	187892	181211	183066	150753	142042	140506	132716	121827	125628	118808	111648	118125	120250	107198	102905	109181
A03	Sample X3	1429038	1525090	1542252	1542513	1511750	1468522	1401302	1310713	1225742	1118248	1015507	844960	693927	581940	522128	464508	470930	409572	439911	411981	404018	390900	395611	393025	380051	385213	341243	332128	374027	384006	396252	451697	510083	527288	587511	608108	671468	687165	698311	389346	437258	492001	422475	474110	522412	375360	395737	418880	421363	457501
A04	Sample X4	1471135	1532286	1572328	1583127	1578533	1534098	1506048	1445268	1390705	1311457	1260400	1123020	1015202	880321	776095	728238	670858	626910	550651	525242	448163	408441	384163	353757	350455	376456	376363	377346	382901	411363	405418	434336	457710	475006	528527	496957	552798	529583	471868	464772	463715	460481	496037	448438	481921	500660	469051	397598	418947	364360
A05	Sample X5	1359943	1485987	1540402	1547718	1517606	1458413	1384186	1258842	1159573	1030208	866677	704893	531435	392436	326877	282248	251473	209320	185490	163361	128012	113163	106043	96250	79773	67230	63976	63007	59551	60292	59286	60957	56728	56261	55590	54135	53341	53918	51972	52032	49852	50565	48848	50443	49181	49993	47387	46865	47117	46108
A06	Sample X6	1427071	1532972	1560375	1527061	1446138	1357180	1227348	1081470	901026	749802	564391	314173	153055	93675	76936	64607	58532	54140	56442	45351	44436	43503	44927	39121	41787	37227	34798	34285	33697	34568	35118	33837	31858	32032	31217	30633	30962	31357	30467	30271	28771	28717	27763	28805	28067	26951	27441	28223	29778	26155
A07	Sample X7	1385353	1499177	1558522	1566282	1537646	1470728	1383286	1285331	1135757	994305	842276	633813	452450	338587	287402	267642	204803	194978	165717	132771	129146	108967	94357	96348	72237	62162	59251	57226	56785	54023	53460	53321	50531	51823	50500	49332	49602	48660	47957	47227	46343	46293	44630	44503	45475	44657	42398	42911	43570	43001
A08	Sample X8	1401218	1497772	1555777	1571945	1551120	1514790	1443155	1327781	1208551	1108051	966775	793496	608837	390031	204203	125868	99320	81111	71360	66735	61588	59945	57168	59128	57771	52733	51506	106648	50976	49917	46793	132351	53601	45495	122021	40875	42058	42842	41475	62548	46970	40038	58120	37975	38547	38117	38711	38745	38987	50045
A09	Sample X9	1399163	1514662	1566503	1610392	1603545	1580190	1525787	1472416	1398381	1323667	1238988	1142602	1018131	921352	868448	835216	816196	786263	739901	695860	637061	557816	478141	376811	265403	169753	130032	119577	116025	113253	112230	111948	112506	106063	105803	102761	105611	102705	102495	101407	97618	97958	96297	95101	96180	93416	94933	93050	92538	92537
A10	Sample X10	1419582	1483755	1545708	1567092	1556992	1522313	1457170	1371690	1241350	1146673	1055438	875183	723870	533786	332098	170658	116086	89716	78180	70390	64917	61731	58143	55672	52641	51921	64676	50741	49795	46353	46866	47020	45547	44615	45010	45440	44467	43021	40392	43078	38901	41485	39482	37991	38265	36882	37238	39583	37962	36491
A11	Sample X11	1348233	1464900	1545452	1582750	1587906	1572295	1515148	1456743	1391360	1317845	1204276	1101522	966967	858146	775895	727501	692363	645002	603771	531346	473721	391448	302526	223958	172798	120840	88500	69231	62246	63618	58621	55453	55676	52822	51886	52173	50387	49465	47768	46548	48082	45347	44917	45885	44266	43457	42345	42165	42463	41241
A12	Sample X12	1537831	1567403	1586236	1605477	1583750	1550527	1505498	1453163	1378672	1303525	1228545	1127000	1027078	918798	828992	780466	745960	709806	661100	613803	566490	516522	455110	389897	322035	289731	271918	258740	252298	244038	239267	241741	246865	249621	238066	231086	229375	237792	245146	230107	236532	236312	233100	231283	231030	231580	229262	230596	230351	227030
B01	Sample X13	1420216	1506432	1549226	1578345	1564568	1536041	1463702	1392315	1261585	1176001	1008158	877631	715383	516212	332226	180890	119552	94847	85680	73221	67427	66581	58585	57300	54352	53682	53293	49493	46632	43990	46060	44793	41977	44468	41055	41808	43665	41060	40141	41123	41355	39628	41880	38550	41225	37732	36643	36015	33557	32771
B02	Sample X14	1400081	1502981	1552501	1559321	1534138	1482286	1412156	1308118	1198896	1056860	923397	710372	504472	383947	338360	312207	260893	259952	232293	200628	219762	198166	211430	206871	212742	207747	189845	176315	188597	179990	171075	163075	175255	198875	208027	212131	201553	200906	192898	194732	186621	187676	173437	176036	186168	180866	182888	193685	179636	174983
B03	Sample X15	1437198	1517978	1550407	1558565	1523561	1495433	1429170	1346962	1257346	1176176	1054906	911236	762298	628281	601726	580015	548177	482420	480516	512920	509657	511261	482228	484491	447508	458161	452825	452793	403570	399515	442345	493032	443478	447573	491146	529842	561997	615650	426966	466192	511760	537552	573751	603446	658317	701753	733373	380586	342277	345421
B04	Sample X16	1454638	1518892	1567088	1566478	1564867	1530851	1500620	1461782	1401980	1342437	1267715	1162317	1040003	942531	821693	757290	695010	667951	619260	527220	494910	475667	449201	416425	406345	438182	471240	455307	472776	453392	505503	492460	489340	493380	532533	503088	506528	494872	473831	491152	494243	533901	525631	539558	531303	477542	453826	449821	435832	403848
B05	Sample X17	1392736	1489827	1541218	1560587	1542545	1494893	1401427	1287160	1167245	1046951	892075	730641	536990	389028	310812	263133	232438	200636	166407	137352	128428	106168	104968	90548	78246	71320	64848	63488	61230	61855	61152	58002	58417	56675	55762	55403	55556	54316	53287	52470	52386	54633	51236	50375	49838	49323	49866	48896	50877	48611
B06	Sample X18	1378935	1497833	1532463	1550875	1506820	1440966	1348108	1222081	1078238	926541	793116	634916	405613	244696	133813	98991	77433	64287	60715	59045	55641	55457	51373	48100	48065	44743	43363	41227	40708	37220	37106	36191	35512	34133	34946	33883	34256	32066	32521	35413	33020	31925	31415	30760	29586	29645	28691	28735	28483	28051
B07	Sample X19	1368565	1475891	1543412	1556220	1526330	1471507	1385696	1284545	1157333	1017845	867880	689847	488655	379977	301412	301978	237790	202835	181540	146356	141572	119210	99596	89910	75286	67438	63005	61475	61408	60775	58122	56380	55575	54551	55008	54308	52963	52203	52163	50258	50733	50851	48695	49123	47976	47983	47198	45245	45027	45802
B08	Sample X20	1377097	1470546	1531511	1552480	1541356	1504720	1472596	1378813	1290236	1185040	1033445	893691	719415	522756	322028	183390	126792	109841	99130	95973	85188	79307	78951	84282	79362	77771	66496	59867	55265	52316	53007	51336	50497	54437	55053	48615	46483	47543	50390	54393	50211	51196	48595	55550	51301	46070	48590	44196	42302	40925
B09	Sample X21	1347876	1470786	1534021	1571866	1587326	1585667	1546923	1495655	1443100	1376190	1301807	1219213	1127843	1020847	929205	885372	860215	834502	801518	769401	716065	661882	594335	506022	398527	299373	206132	149915	137773	130572	127522	122541	122210	119271	117411	115772	114246	116735	111372	112718	110122	108461	107247	108011	106695	104138	105157	105901	107331	104182
B10	Sample X22	1380210	1497715	1547601	1562540	1556346	1517122	1465542	1400610	1259220	1181471	1025790	905415	720923	536103	333531	174846	108178	84785	69277	62227	58721	54316	60300	48833	48025	45306	43833	44846	42348	41192	38002	37063	40445	37747	34690	36152	33536	32637	34702	33226	32631	32506	31676	31763	31663	31388	28443	29097	29661	33768
B11	Sample X23	1317346	1442816	1518857	1570693	1578311	1558751	1512347	1467165	1383212	1300636	1211885	1109820	987705	870472	785487	746828	707087	659450	597236	546978	455408	389093	305777	231105	183741	133551	97802	73913	69653	64535	63960	60847	59048	58210	57195	55307	54785	53315	53760	52551	51491	51082	49588	48667	49331	47612	48308	47246	46771	46241
B12	Sample X24	1422565	1498200	1527310	1549932	1541442	1532062	1505483	1454901	1412826	1350126	1281011	1226915	1141801	1042468	966986	911075	882160	849930	827320	774102	739135	675721	640283	602245	548312	475872	456417	449065	448461	471372	456466	459825	455336	453521	460927	459707	434741	453350	432383	436251	430163	445788	431841	422440	427843	426043	426656	440348	434785	407346
C01	Sample X25	1350003	1493132	1551237	1578192	1569230	1527082	1470197	1399366	1302566	1155272	1063835	888211	749716	553058	332973	171240	122161	92896	80598	70972	66151	59915	57225	54791	52387	47560	47496	45211	42880	44132	41333	41578	40760	38516	40426	37960	38318	38025	36712	36315	39042	36888	36531	35528	34391	35488	34620	36626	32660	32285
C02	Sample X26	1378966	1474206	1524400	1540542	1505841	1453735	1375011	1282447	1156933	1036300	896535	699795	511543	423452	369823	340423	360463	356058	338967	325128	313420	292813	282421	294775	296310	272692	271242	260825	235693	224137	228635	217323	201171	185746	174126	175047	170138	163595	151446	149667	145051	132280	149485	137268	150090	152045	161891	147436	154296	153426
C03	Sample X27	1403300	1484947	1539062	1547575	1528745	1498141	1440268	1368577	1260780	1152571	1050020	900648	723436	557975	475540	422295	410697	326437	336131	348667	350558	345248	345917	370480	339901	374718	387042	358172	337666	347787	344783	368052	334888	377581	430182	385261	427586	493292	529497	556643	511095	546542	574680	658855	728683	336626	355263	372343	406270	442062
C04	Sample X28	1412907	1495288	1547358	1569321	1567405	1546617	1520455	1484825	1413520	1361206	1275216	1191257	1071356	994572	910926	777978	718417	667780	599741	574280	549473	488026	451175	459033	500062	479983	511761	478840	497456	525771	527505	536503	525612	543088	554175	531412	528125	545950	541510	509540	553510	487932	487086	508298	500431	512575	511075	522240	503907	540476
C05	Sample X29	1353096	1471672	1530008	1565167	1548006	1512162	1437145	1328148	1218385	1093775	953227	808658	624690	440020	326693	282008	233995	197966	180371	150460	129453	121348	110427	104833	84953	69755	64150	60558	59887	58701	55875	55503	54313	53001	51631	52532	54607	49412	50503	55513	50125	49748	49885	48053	46322	46975	45566	45047	47860	45683
C06	Sample X30	1379437	1468867	1530292	1547871	1510937	1425955	1321943	1196848	1060993	902005	773392	589981	411852	219410	128866	91978	80851	66241	58888	52745	49583	49430	45700	45921	44880	41775	39006	38840	36782	36136	36320	34491	33260	34866	30541	30837	31062	29755	29625	28932	28860	30135	30798	28116	28000	28537	27787	27808	27398	26955
C07	Sample X31	1366321	1474682	1533058	1556776	1534611	1484841	1390735	1297847	1173751	1022537	884115	703356	498318	357085	309361	273231	242817	207262	179457	152351	129542	128707	118907	92255	83966	71435	64453	59881	58432	56838	53892	52171	52112	51335	50328	50872	51080	48208	47332	46702	46605	46372	44356	45055	44258	44510	43281	42670	40967	41855
C08	Sample X32	1324720	1456022	1515202	1565990	1563073	1533936	1483310	1395725	1308275	1157926	1071513	914723	741300	540822	298212	166100	120171	92287	79811	71771	64142	63033	60422	63353	62058	69321	70991	62377	86687	58573	271180	173383	52118	47911	47190	46941	47673	45861	62072	42482	42061	41005	42270	40923	39831	39687	38336	40641	38353	36753
C09	Sample X33	1335087	1441013	1528657	1572781	1590120	1588833	1559880	1508716	1455305	1376386	1298381	1210302	1121762	1000631	926518	870886	836713	826383	790236	754057	713146	666210	604187	528043	447055	338970	236405	149308	127198	118456	116715	114735	109991	108945	107975	107816	105788	105991	102353	101861	101636	99781	100552	100756	99243	99052	95523	96883	93676	94567
C10	Sample X34	1364075	1448768	1520760	1557141	1557298	1528051	1479941	1416476	1321171	1211753	1069168	961761	797763	621381	409567	216563	131986	101076	89845	76391	70053	65038	62538	60612	56148	55035	55886	50902	50040	50483	48876	47052	46238	45892	43675	47055	43390	42152	41690	39933	40335	38328	38541	39651	39615	37466	38450	38366	39402	38217
C11	Sample X35	1329953	1445086	1520195	1584257	1594917	1575886	1523076	1460861	1376615	1287470	1204393	1094422	993553	883168	841191	791616	745020	710031	673085	619611	545422	432160	328283	247978	183685	153746	112772	84853	76436	67770	62756	61796	58997	57707	56076	55880	57586	52910	52890	52295	50566	51127	51078	49515	49173	49291	47413	47656	47140	46562
C12	Sample X36	1383203	1477211	1515440	1526896	1531156	1517276	1484056	1430250	1382841	1313920	1238592	1173430	1070631	977017	905021	865683	832612	802122	766696	730573	691977	640218	590921	537806	472058	406801	378412	363482	362145	359482	347186	347948	344866	341596	342107	344037	345508	336520	339982	343515	334077	335827	343645	331681	342451	337362	336507	336058	340125	334767
D01	Sample X37	1395851	1510390	1565882	1584165	1577938	1554346	1511690	1396437	1304095	1180511	1007186	815075	599682	373145	199060	135315	109535	94722	81918	74952	69701	69828	65908	62178	59490	57447	55591	52183	51852	49110	48791	47677	46936	45816	45726	43388	43632	44462	42338	40973	40366	39102	39686	40936	37542	39817	36770	37181	36982	36771
D02	Sample X38	1381005	1499912	1564130	1568070	1522310	1437356	1343482	1189611	1039523	891956	684263	445832	244380	147972	117706	99451	92303	88412	69121	62438	61277	55148	53931	56186	53198	61017	50380	48238	46611	47471	44911	46633	44461	44840	45621	45413	45101	43207	46782	45920	46101	47045	45462	49765	47183	43287	49130	49268	47401	47330
D03	Sample X39	1455621	1521982	1554681	1559746	1541306	1471367	1432693	1313340	1211153	1089677	963397	790672	618551	477127	441433	388337	419307	401507	399335	356847	371818	362308	351400	368852	345306	357702	351088	349282	326432	360407	369952	384143	375740	377017	381276	355363	360742	357636	356320	358702	334791	357203	333725	347408	340220	327111	335292	336685	337332	338570
D04	Sample X40	1447667	1524081	1557113	1565526	1545465	1521598	1482495	1410610	1332681	1260525	1147597	1044851	894226	759811	659177	602606	555380	528081	508472	499523	449617	448421	411510	388650	370648	357643	356543	360040	369776	379915	369862	357753	345202	372048	334925	388746	374701	383521	379462	376995	365777	355092	341925	391633	379981	372978	378797	389928	373222	365567
D05	Sample X41	1358086	1468318	1528340	1559308	1561001	1528083	1477347	1399893	1295035	1180090	1058105	851725	687205	486525	284292	157717	117738	96927	83198	75418	69640	65122	65138	59312	56702	54537	54045	52411	53320	50096	50302	47486	47961	45461	44237	44962	43286	41842	41908	41537	41126	43071	39885	39868	38565	37692	37826	37128	36827	36968
D06	Sample X42	1343537	1439541	1502431	1555957	1559026	1537285	1495908	1429507	1340390	1208202	1098406	936455	740901	563448	325800	178127	127093	100832	88565	76562	70690	65906	62872	60816	56867	55618	53371	52440	49623	48478	46673	45618	44876	44970	42212	45263	41802	41428	41387	39536	41570	39700	38421	38113	38346	37053	38210	37758	36071	36892
D07	Sample X43	1347996	1465590	1534652	1563853	1561610	1527165	1485406	1411101	1322332	1209311	1062357	889927	723102	508352	269003	167458	124575	104285	90680	80073	73138	68576	64043	61551	58971	57091	56648	53926	53181	49666	49648	48283	45931	44463	43586	42332	42233	42345	42888	40446	40762	40703	45091	38893	39121	37526	36562	41386	36371	36382
D08	Sample X44	1374660	1480680	1524806	1563293	1560603	1508283	1451902	1367248	1235586	1123620	981730	799465	606652	384940	207710	129141	98067	83657	71772	67787	66721	58226	56070	55290	54682	54100	49213	50068	46142	44618	44913	42458	43913	44755	38406	39725	37067	37998	37080	36331	35061	34815	35521	34311	34181	34552	33345	31923	31383	31510
D09	Sample X45	1338545	1452318	1519001	1555475	1553468	1531085	1476153	1406021	1295306	1163738	1021587	846502	644591	408385	226702	147825	114120	93561	84731	75836	67991	64732	61423	57106	55553	52033	50970	51395	48270	46688	44972	43587	43146	42200	40966	40347	39438	38700	38370	45026	39500	36716	35425	37821	37136	34336	35121	35595	37290	33827
D10	Sample X46	1354618	1456051	1522712	1554208	1555310	1524968	1467901	1382241	1288821	1155173	1017460	838626	648453	427377	233942	141802	102857	90961	79451	69057	64530	60871	59508	54061	55592	50657	49770	48408	45663	45773	44223	41395	43081	42752	40306	40508	37675	37515	36242	37785	35951	35778	34833	33662	38087	33166	31356	31656	32418	31128
D11	Sample X47	1377698	1469351	1520591	1557115	1541770	1495251	1417836	1312187	1186878	1044943	867807	689583	485466	264285	148285	107058	81791	69440	61445	56045	52022	50045	46732	43662	44263	41575	39622	38718	38616	36490	35102	34647	33501	32893	32750	33017	32151	30873	30116	29745	30085	28535	28508	28167	28936	29087	30276	26961	26562	26168
D12	Sample X48	1360396	1486155	1528373	1547187	1532450	1489828	1432960	1341347	1239866	1122098	987728	832767	649162	501957	422152	374525	321025	306690	256011	215148	200041	199557	189440	159283	145270	138130	136242	140162	112956	139181	131591	133208	133421	136027	138241	122515	134621	129520	126820	139313	146450	142212	146896	153507	152985	149525	162560	161583	153891	178947
E01	Sample X49	1397952	1490822	1545578	1574170	1567886	1527918	1478925	1384095	1293097	1171065	1046173	856742	704432	449458	259285	165328	128957	107891	95182	87206	81821	77732	73750	70795	69266	67033	65261	64108	63883	61575	60331	59071	60628	57196	56051	54947	56235	56233	53735	55252	53615	52188	50781	51432	51136	51157	50716	48605	49312	49176
E02	Sample X50	1381637	1522428	1561096	1578037	1533757	1460807	1357218	1225138	1076776	934017	717138	519916	299900	171421	125773	103908	92872	82996	71651	70187	61885	68890	62601	55640	57058	60898	53728	54991	52626	49543	51006	47037	48877	46535	47002	47372	47443	50027	46958	49505	48570	48008	47853	47836	47022	47327	46911	46742	46920	48175
E03	Sample X51	1436832	1503962	1538781	1552976	1535220	1503405	1452437	1347841	1259248	1152680	1004836	819316	629570	504862	385310	355560	334558	345450	347448	353387	351942	347625	347813	348603	353795	354413	368100	362112	362137	362348	367451	373551	387708	377446	369961	390560	389983	383987	388421	411960	368990	380155	378806	384047	398557	389377	397770	388775	386031	398158
E04	Sample X52	1417425	1496068	1554466	1570562	1554595	1521407	1459678	1394505	1324263	1208395	1097450	969546	824606	694126	619587	550610	540917	513553	488472	467917	470836	440560	414418	415967	405505	389122	389200	403130	384871	395301	398413	407103	417553	416108	410826	396812	424315	416956	409763	415365	423111	419758	408107	395711	442701	410893	426116	400510	391003	389493
E05	Sample X53	1358966	1469193	1518438	1555722	1551382	1511138	1473257	1386732	1275561	1141976	1003045	819073	635533	408086	212301	138832	107477	87022	77501	71696	63670	61808	59856	56256	54415	53336	49201	50348	49437	46545	45690	42932	42615	42028	40538	40093	40106	39130	38030	37440	37962	36245	38426	36566	34918	33776	35027	35046	35733	35621
E06	Sample X54	1340458	1454272	1537375	1570652	1566152	1548636	1484327	1404568	1281821	1193890	1021502	850801	638242	416328	217620	133298	104533	87180	75676	67832	64182	59343	55473	54097	51026	50316	47105	45752	44405	44366	44967	43100	41003	38597	39225	36061	39632	36097	34833	34568	38222	32365	33498	32387	32785	33315	31175	30330	29703	29880
E07	Sample X55	1348037	1445861	1519841	1554218	1565200	1549618	1486536	1414107	1323207	1177990	1042793	877818	685752	467321	250672	156527	120341	99787	87805	77955	71231	68717	64293	62560	57685	57007	55250	53133	53831	51738	48646	50737	45808	47653	43900	43660	46677	42380	41667	43220	41898	40042	39912	43806	39200	38331	36607	37058	37398	36931
E08	Sample X56	1390335	1476931	1544157	1575757	1571750	1514180	1464970	1384071	1244570	1084712	956955	775065	554897	323282	178870	125113	95195	83038	81760	75393	68783	65342	65298	60581	64120	65477	54880	53006	51431	49980	49325	47726	47230	47013	46035	45118	43517	42903	41690	41636	40473	41003	41177	40105	39228	41295	38162	39368	37673	38226
E09	Sample X57	1360053	1458287	1527523	1566300	1568906	1533016	1480420	1413166	1265362	1172868	992813	853577	628447	389908	221302	142610	108392	91983	83876	68607	63582	62327	57527	54036	51287	48972	48942	47325	44717	43527	41890	40817	38732	38173	37237	38291	36346	35571	36787	33158	33067	36028	31876	32161	31853	34277	30378	35460	32595	29377
E10	Sample X58	1361156	1461808	1535653	1565521	1562583	1535403	1451137	1367587	1256798	1118175	984171	831075	603918	407673	222726	135203	102353	85690	74228	68766	70170	60435	56716	53272	53148	55721	50222	47068	46142	46853	46382	42842	42168	40546	40172	39668	41068	37992	39132	37403	37456	40966	35148	34636	34956	34766	34010	34066	34360	33440
E11	Sample X59	1367115	1482811	1537743	1561011	1553811	1520565	1452626	1365558	1267390	1093730	969681	805867	575533	375201	198413	131367	97401	83141	72570	63876	61131	57608	55277	53665	49610	47940	47008	44052	44477	42763	42013	40665	43150	39812	36872	44565	37493	34553	34770	33300	33943	33037	32853	32610	31325	32730	31640	29968	31190	29643
E12	Sample X60	1371771	1479546	1546652	1549462	1532707	1481995	1406210	1293705	1193083	1075517	906287	731081	553188	447446	391658	335831	338616	287797	236851	210188	176680	161750	144958	125032	116127	111141	103263	101047	92193	98440	93236	95411	98940	100638	106478	103901	106787	105230	112191	105587	97867	108076	105567	105308	108115	109081	107397	116265	106358	100253
F01	Sample X61	1403490	1487903	1546710	1587462	1588206	1555166	1461876	1410507	1285407	1137906	1049837	855512	650248	376702	203248	136308	100921	87207	75117	69121	64692	61042	57835	56220	53118	50618	49855	48626	45935	46067	44212	42937	42118	46191	41267	42057	38901	39287	39150	37503	37233	41273	36751	37246	34411	37836	33406	33360	35885	32060
F02	Sample X62	1381906	1510112	1564725	1564487	1504488	1427931	1295836	1154576	975930	760870	548812	326560	169678	119065	107203	92416	79195	72966	72213	64698	66247	60780	58341	53301	57106	50963	54462	52077	48682	48013	47398	47077	45306	44966	47717	49338	48256	47412	48700	45931	48073	42232	48638	43748	42017	41853	45133	41575	45593	43260
F03	Sample X63	1419041	1510895	1582423	1595322	1590288	1552252	1456190	1381828	1259298	1100271	960207	755943	543297	360940	253282	219986	180978	142166	134212	116513	102657	102023	113728	132326	134282	160123	168472	180871	182427	190597	203815	223056	203161	202851	211135	199466	208650	211490	222376	233826	232993	220040	236762	238976	271938	281583	256153	286868	264102	257176
F04	Sample X64	1425900	1528452	1563963	1588388	1566388	1527378	1441480	1394507	1293870	1201870	1105517	969922	823683	680852	589183	553513	560870	536731	521306	476608	473016	447648	431125	406773	396396	371497	354855	351278	361597	324950	359432	357595	346803	311337	315160	299587	306627	303222	302508	293847	296033	272317	285718	296740	289843	276572	280958	252272	248348	248338
F05	Sample X65	1370226	1478198	1536711	1571613	1552882	1519627	1446788	1374853	1262027	1116507	949746	773760	552948	323166	176261	119483	93481	79392	69688	63373	59371	54788	51366	49170	47698	44718	45013	41681	41370	40487	39103	38473	38790	36387	36668	35066	34965	32857	32480	32238	32302	32655	31048	30641	29361	28968	30957	34393	29907	28061
F06	Sample X66	1357088	1472866	1535392	1565788	1561910	1515190	1462935	1369440	1214598	1094998	900575	723828	486695	250938	147030	109302	93777	80983	75065	70911	65980	63208	61051	58733	57417	56096	53957	53845	52368	48991	49221	47130	45758	46703	45205	44131	43695	43603	43017	42018	42410	41272	40388	39361	39582	39430	38788	39407	37781	36940
F07	Sample X67	1365448	1449481	1536693	1562725	1562711	1537003	1468421	1384731	1270128	1110037	997260	826893	616125	383705	227412	150460	112290	92263	81423	73823	69260	62933	60438	58245	55406	53442	49566	48863	47740	46855	45613	44666	45325	42342	42960	40358	39841	41735	39460	40463	42170	38907	41126	40728	35582	36318	36445	36968	38302	37408
F08	Sample X68	1385902	1487661	1542980	1571281	1566337	1522548	1464793	1364603	1252405	1106568	977686	769798	537331	328153	179613	129365	102767	81328	75698	71895	68638	61147	56921	56241	57158	55825	51508	49826	49483	47436	46922	44313	45972	45195	42347	44031	40930	42020	42150	39280	39632	38666	38230	38948	37383	35792	35650	35645	35943	38006
F09	Sample X69	1350578	1454531	1537647	1567605	1573020	1539515	1461938	1367880	1242246	1133445	988802	822036	596110	402225	221317	150068	116691	96687	88891	73487	66877	63317	59140	54637	53247	49148	48630	46448	44092	43668	42951	41625	40400	39493	38493	38733	37425	38360	36300	35156	36332	34368	33601	33063	32512	32223	31841	36528	31681	31468
F10	Sample X70	1354180	1466745	1523763	1556816	1557568	1533463	1468910	1372407	1260420	1147355	981775	800701	578736	358986	203245	127945	105346	81230	71451	63888	60586	56150	52441	48842	50061	49443	45455	45283	43692	41140	42473	39638	41817	36823	36775	36651	34297	33935	39896	34162	34150	33347	35385	32980	31031	31345	29708	30792	29422	27868
F11	Sample X71	1358885	1473571	1527141	1541955	1543708	1489568	1438776	1319801	1208036	1053187	879433	733935	539437	319705	180026	127582	98581	85233	77990	68486	64046	60543	59720	55403	52800	52552	51193	50147	49688	47957	48306	46543	44737	44267	42748	42262	41005	43023	40761	41038	40397	40048	39528	37798	38366	38553	36500	38772	39682	36236
F12	Sample X72	1379662	1507543	1545797	1561997	1540248	1470933	1390150	1290183	1152147	1019211	834193	664132	503203	409266	375617	324378	306473	268131	229595	186625	162845	155556	136395	124266	109338	92262	95712	117423	109872	115902	107885	114143	109195	113263	109706	112866	115485	109711	110097	113051	110683	106383	103551	114538	107206	105930	101866	102105	114305	111446
G01	Sample X73	1467621	1533968	1578676	1592878	1584920	1558212	1530671	1462993	1404627	1332830	1238878	1164927	1061302	947165	876688	857951	827306	806712	788607	744111	723670	668146	637070	558346	485238	441973	374795	356795	360185	363826	352940	347501	359047	356493	344292	340205	344906	350797	373937	357842	345515	355087	360672	366601	372390	373227	378513	375580	357476	364902
G02	Sample X74	1432325	1502637	1556352	1570301	1579341	1566865	1542993	1499650	1448728	1376218	1314850	1215351	1140742	1043448	948338	901080	876155	845470	821562	786237	733887	683747	634947	573532	515595	459007	403657	352855	332931	318277	323892	301148	309272	308887	299236	308731	303605	312163	300442	295948	302285	303678	311097	301230	311690	302650	306325	291642	301736	288853
G03	Sample X75	1414742	1497310	1541097	1572748	1576236	1561130	1542276	1502860	1437262	1383055	1303397	1223641	1125046	1028995	945327	894077	862960	832971	805436	769731	729206	708473	672713	604842	551188	496531	428030	357657	329682	326033	315865	307703	298550	297075	311493	297002	310540	301497	286141	309845	302678	317106	309527	269280	296905	286736	274026	278245	275186	265146
G04	Sample X76	1388172	1497808	1554011	1586506	1578782	1544936	1488373	1401045	1327425	1200908	1072505	930121	739260	598570	520960	479158	444518	414468	372992	337611	306926	284475	256936	239265	202813	161271	137453	112287	101833	109155	103672	99313	94412	98383	96201	97223	99338	103995	94915	91317	91196	94492	94845	92972	93647	91132	92947	83428	88440	87502
G05	Sample X77	1372297	1476681	1539665	1574238	1566568	1532191	1473031	1399177	1281566	1186172	1040661	884311	728801	606588	552018	508930	504096	472487	439670	402561	383292	341040	320498	265865	240917	236565	211973	167645	148015	143307	132368	129602	130557	115078	115671	113458	120600	111062	111601	108298	97492	97131	91111	98811	89775	88690	97246	83722	96765	110721
G06	Sample X78	1361865	1484341	1548635	1567165	1557142	1525285	1452728	1375842	1273153	1159471	1009315	836746	654120	518975	483586	440658	402821	376060	356277	315051	281598	259178	245557	210148	185197	159801	139142	119417	101093	107120	114292	108598	108886	110798	119827	108010	109983	99360	99138	93513	88175	94253	89572	117273	115295	109211	102243	94755	95383	90575
G07	Sample X79	1397765	1488995	1534828	1555426	1524411	1457067	1364983	1217672	1094377	945200	763751	573467	377148	188723	115206	83343	67771	64535	61397	54898	50222	51537	49098	47911	41696	42153	41083	38513	38688	36806	38540	36642	37927	35186	33651	34270	36848	33405	33105	32595	34395	32718	31602	32515	32237	30770	32371	30573	30256	31661
G08	Sample X80	1365105	1484335	1529887	1551210	1527027	1464033	1380357	1281255	1135728	984081	847970	669553	494412	275793	141698	99905	81450	77797	70888	61842	52718	53450	48565	44553	47120	40338	42741	42973	43575	39320	37958	37406	38305	37822	36598	35338	35053	36651	34218	33488	32362	33771	35123	31632	31941	31467	33225	30272	30586	30795
G09	Sample X81	1399290	1507836	1561017	1571986	1539465	1468576	1329898	1216126	1100223	938683	750380	581731	399977	203585	114457	85248	68051	54913	48770	45771	42976	40715	42457	38886	35291	35527	33380	31945	33338	31076	31070	28880	30610	29690	28478	29336	26362	26255	27208	24966	24730	24882	24818	24783	23287	24710	23413	24182	23081	24036
G10	Sample X82	1398243	1497318	1549728	1572913	1576106	1543880	1481328	1428967	1292912	1168581	1017081	830937	591795	360007	176727	118393	88795	76088	68123	62242	58453	61665	51551	48831	47632	45087	44608	43125	41968	40761	40191	37961	37846	37262	37983	34585	38240	34867	32635	33236	32761	33036	31931	31508	30951	30558	31407	30482	28332	32816
G11	Sample X83	1394331	1494790	1551292	1570245	1565913	1525651	1472440	1414912	1282783	1117741	992231	780862	562980	325466	185748	123171	100562	84965	77632	71805	72327	64348	61536	58323	58250	57842	54876	54262	54481	51203	51993	48570	47761	48831	46073	47012	44983	44610	45377	43608	44100	42436	42650	42152	42120	42375	41698	41336	41716	42667
G12	Sample X84	1394276	1508450	1551640	1581327	1536702	1466466	1320773	1170010	1031403	834392	642111	431078	229791	142783	95328	76323	67613	60122	55580	50672	48637	47012	49486	44617	44026	41617	41783	39560	39910	38243	36705	36006	37201	35512	35361	33951	33502	33755	33746	33607	32483	31468	32475	32550	31442	30816	29936	31706	30368	31353
H01	Sample X85	1356661	1471038	1535575	1583747	1578255	1540627	1466683	1401797	1236257	1158701	974033	820181	618400	401083	203581	123135	89187	76140	67930	61306	58388	56125	53297	49326	48435	48083	46451	46787	43622	44426	41607	43818	40783	39575	42118	37477	38261	38432	36930	36731	34873	34610	34826	32971	32352	34858	33367	33473	32405	31113
H02	Sample X86	1342832	1463275	1561218	1587406	1585207	1547668	1504390	1416135	1270025	1143750	997177	847463	686728	459907	253560	126860	87082	67896	57215	52553	47861	48602	43235	41058	39140	37826	38312	38570	37436	36672	33753	32503	34592	31871	32188	32988	30500	28931	27548	27635	26560	26803	27680	25341	28110	25620	27502	27663	24015	25942
H03	Sample X87	1346145	1476362	1535658	1585127	1578432	1537657	1477351	1419762	1295773	1145526	1000183	819517	597843	360987	160728	94168	70271	59335	52090	48370	43912	40447	39807	37098	36660	34875	34605	33682	34552	32191	31425	32458	30386	28836	29348	28911	29676	28330	26825	26317	25750	28681	24576	24225	26521	23573	23036	22463	23898	22178
H04	Sample X88	1312262	1452430	1525790	1576408	1579086	1553208	1506081	1410473	1290080	1167216	989905	818848	572411	314740	155651	102212	83153	71433	66042	57958	54262	50187	47878	47168	44318	42765	42160	42272	39801	38410	37522	42142	38973	34802	33256	34093	33852	31528	31466	30175	29183	29807	29280	31666	27362	27302	28027	26731	25938	26072
H05	Sample X89	1320212	1430372	1513325	1573020	1582652	1562502	1501766	1440950	1341078	1186198	1016846	836742	614432	362085	194820	120692	91177	79858	69122	64576	59578	56326	55855	52373	49985	48833	47507	46296	45900	43161	41312	40860	45648	40111	41620	40952	39166	37645	39960	38413	36640	36053	35660	34647	37885	33105	32261	31897	32537	32187
H06	Sample X90	1353545	1474936	1545568	1591162	1580703	1509077	1419842	1293146	1138102	992721	772432	549062	293143	156743	104931	84050	72021	65067	61060	53535	51620	50885	50208	47223	48133	44762	42856	41481	43481	42318	39700	39043	37753	39266	39846	35383	35141	34496	36032	33591	33127	33117	31748	31797	30222	30258	30363	29092	27441	27292
H07	Sample X91	1339576	1438813	1521612	1565903	1571456	1533738	1459813	1355577	1211206	1057958	833980	625902	400463	209873	125282	93696	76523	66070	60176	55866	51911	50518	47656	45275	44187	43082	41622	42007	39317	38195	38750	36922	35725	35185	34016	33783	32660	32392	30837	32498	30020	31702	31062	28776	28821	30071	28146	29203	26812	27772
H08	Sample X92	1341667	1480028	1539728	1584875	1582706	1555805	1479187	1369030	1248005	1097127	975948	776265	553816	289298	145472	99987	83086	70507	63293	57395	56793	50312	47563	46621	44461	42613	40668	39718	39392	37688	39167	36771	35655	34333	33297	33002	33075	31898	31170	31976	31101	30713	30970	28022	28446	28203	27981	27436	27097	27235
H09	Sample X93	1334615	1469105	1531501	1579588	1581321	1554508	1476960	1364857	1257767	1140723	975455	769130	556303	324902	172151	115187	95441	78016	68958	62027	57336	57181	53217	54417	50072	48456	47690	47793	44662	42840	41300	42348	41795	41040	38127	38196	37753	36532	35663	35502	34446	33586	33191	35211	32462	32331	34755	33781	31325	30178
H10	Sample X94	6800	353735	309782	6737	6770	6162	6287	211095	6192	399582	425052	511738	209456	573658	565908	564755	7220	549103	382665	546213	293312	546385	6223	303918	293285	562713	518062	290443	284830	300888	8050	8441	452987	447453	8503	448800	275873	461720	287003	447933	290723	6173	267072	6387	6620	223922	7357	6380	443727	7250
H11	Sample X95	9956	7906	8378	8350	243123	8302	150132	42152	10567	8927	15803	8760	8911	53206	8242	8336	264246	9255	9055	384947	291681	8215	535972	560093	517116	306147	8276	9240	283227	9110	479192	303248	530427	301161	458255	9480	10545	291628	8421	272003	280252	295435	9667	8390	280453	288931	9681	433637	256090	463632
H12	Sample X96	9785	9318	10142	9655	10931	215361	86036	148235	206475	266835	249446	219903	526206	9738	9751	287533	10676	33061	9387	9397	9748	295180	11375	348247	9863	9440	500278	468533	9890	298756	309922	286330	334981	491041	268960	9815	463067	289517	263825	9865	9736	265093	249853	253400	11070	9562	9665	10325	253513	9493