Well	Content	Raw Data	Raw Data	Raw Data	Raw Data	Raw Data	Raw Data	Raw Data	Raw Data	Raw Data	Raw Data	Raw Data	Raw Data	Raw Data	Raw Data	Raw Data	Raw Data	Raw Data	Raw Data	Raw Data	Raw Data	Raw Data	Raw Data	Raw Data	Raw Data	Raw Data	Raw Data	Raw Data	Raw Data	Raw Data	Raw Data	Raw Data	Raw Data	Raw Data	Raw Data	Raw Data	Raw Data	Raw Data	Raw Data	Raw Data	Raw Data	Raw Data	Raw Data	Raw Data	Raw Data	Raw Data	Raw Data	Raw Data	Raw Data	Raw Data	Raw Data
	Time	0 min 	4 min 15 s	8 min 30 s	12 min 45 s	17 min 	21 min 15 s	25 min 30 s	29 min 45 s	34 min 	38 min 15 s	42 min 30 s	46 min 45 s	50 min 59 s	55 min 14 s	59 min 29 s	63 min 44 s	67 min 58 s	72 min 14 s	76 min 29 s	80 min 44 s	84 min 59 s	89 min 14 s	93 min 29 s	97 min 44 s	101 min 59 s	106 min 14 s	110 min 29 s	114 min 43 s	118 min 58 s	123 min 13 s	127 min 28 s	131 min 44 s	135 min 58 s	140 min 13 s	144 min 28 s	148 min 43 s	152 min 58 s	157 min 13 s	161 min 28 s	165 min 43 s	169 min 58 s	174 min 13 s	178 min 28 s	182 min 43 s	186 min 58 s	191 min 13 s	195 min 27 s	199 min 43 s	203 min 57 s	208 min 12 s
A01	Sample X1	1573612	1560177	1533221	1501650	1430783	1382347	1312833	1294236	1177902	1140891	996568	899892	765396	627645	605943	526660	547983	541540	527240	482733	486713	470967	424617	408117	409690	408205	431997	394422	425617	379722	401008	370286	367090	401877	382871	357397	339586	332576	364796	312337	331386	289496	293967	287778	279497	293137	306582	289345	277628	282216
A02	Sample X2	1386113	1534641	1558746	1576201	1569673	1532072	1474098	1411135	1325432	1223025	1131422	989078	844657	694637	598618	527482	465086	402741	343250	290731	227570	174350	148837	114936	90425	73720	62760	60898	59855	55256	54703	54320	52326	51323	51577	52076	49593	48217	47360	48365	46203	47220	46097	44695	46967	45225	43182	43741	43046	43818
A03	Sample X3	1495191	1569190	1578865	1542305	1483521	1408190	1303553	1185318	1057938	916742	752592	588780	363085	245047	173080	174978	154321	155923	142376	141091	132581	121931	124761	110868	121465	123502	128655	111637	111635	107047	97878	101010	111263	105337	96391	90637	85432	80655	87360	80257	78682	79020	78105	75788	74362	79276	73600	73602	71736	71526
A04	Sample X4	1480702	1569053	1591236	1597567	1585792	1558625	1520216	1482353	1425972	1366248	1306077	1233132	1138447	1050967	1006598	965502	932758	912470	879896	861242	823666	755193	653846	503373	369837	307211	292822	276987	276000	265722	258217	249861	271712	258326	265813	268916	271975	253055	251345	265708	259115	252962	246065	265932	251825	253886	246927	247125	252451	265735
A05	Sample X5	1409625	1528766	1573122	1579902	1556065	1506307	1453347	1389516	1313507	1227295	1139706	1033575	927941	857730	822097	793952	767552	733092	694088	653115	599040	553632	477513	381443	266616	154086	121342	114195	111166	112337	109693	105865	106671	106183	104296	104201	104847	105076	97490	98611	96575	96892	94196	94715	92130	91550	90851	90943	88698	88241
A06	Sample X6	1470063	1548166	1569787	1547750	1496942	1420815	1342596	1228840	1127225	1024987	892675	714181	549940	470516	425103	372682	347981	293590	260176	239642	215208	173823	148537	120536	101720	98857	95025	91706	93876	86910	87225	83912	84433	81818	78937	78320	77370	75938	74241	72602	75806	70266	68835	70888	69028	67800	66553	66712	68181	67007
A07	Sample X7	1438338	1547900	1561726	1543801	1503926	1428832	1340233	1269476	1139668	1028736	880986	739278	530251	326655	197766	160481	124918	104417	85598	77781	70567	64386	61696	55998	49846	46132	46036	44488	45042	42912	43285	41886	42178	38968	39058	39316	37515	36855	37068	39582	36970	37321	34941	34822	34797	35282	35456	33915	33792	33885
A08	Sample X8	1466248	1552897	1572195	1544258	1502237	1411461	1291743	1181166	1092326	946470	769843	615230	388941	205613	125055	94338	78517	68495	63973	59192	56225	52408	50811	48355	45897	44610	43167	44348	43428	42836	40547	39857	38337	38030	39630	38045	38565	37116	36500	36957	35297	34447	35371	35508	33256	32536	33155	32752	34720	32856
A09	Sample X9	1414131	1529241	1550175	1506275	1449316	1376765	1276663	1199475	1073871	968240	842190	717642	620518	489397	480045	405308	359603	343805	354726	336626	343250	353285	380736	348827	332013	335557	340738	341123	339477	300402	314787	282883	308966	307203	334635	303653	310741	306563	308131	313657	322575	338841	332893	340628	341345	320525	320843	306652	304897	326363
A10	Sample X10	1449620	1528560	1522343	1508738	1477213	1380338	1342333	1199972	1148875	1054043	883800	761123	575611	401843	331120	419913	382717	374531	382756	349083	311010	326666	251298	274442	433230	332768	328357	355875	337152	345181	334141	355617	454903	314293	324307	319553	320958	363008	385515	358638	326506	303330	372677	366200	420240	486628	476110	421475	537411	542323
A11	Sample X11	1409078	1524787	1556705	1554620	1530006	1465202	1396581	1276698	1175353	1061497	921608	764426	584128	396701	268745	190568	159231	133240	108785	88990	74390	64648	53543	49143	44447	39656	38275	37722	36922	34956	38630	34780	35358	33941	33233	31832	32497	32182	31746	31218	33466	30891	30980	29752	29822	29091	30517	29471	29086	27825
A12	Sample X12	1531595	1618702	1637141	1626078	1604043	1580667	1545010	1504747	1454597	1385302	1329210	1234683	1131738	1033760	985737	946157	923628	905255	873981	822422	743813	666742	569891	418520	300113	266601	275866	276082	263727	265352	247175	254521	268520	265825	262842	259277	258692	268138	259863	257763	245263	238330	257380	248578	262123	272841	261937	275377	266507	277503
B01	Sample X13	1492578	1564472	1570620	1541558	1503761	1410238	1404581	1330041	1255646	1174722	1076886	898891	719230	605601	584347	517746	538647	483407	508451	526513	489707	483592	433702	433260	406452	416623	415972	367282	415246	394483	350715	368793	350427	344783	383298	360506	364473	315276	359117	312310	303865	330287	335847	301160	307028	309542	275017	285076	299375	284226
B02	Sample X14	1449475	1530116	1568568	1588833	1594892	1569260	1533402	1482581	1438148	1371402	1290228	1180250	1068741	924830	815022	749452	692938	641175	577137	512615	392976	279575	222777	161040	124362	97571	83656	75957	76403	75413	74890	73636	71938	69811	70237	69936	69622	68131	66466	64057	65225	64563	64696	61833	61600	60813	59322	60711	59530	57627
B03	Sample X15	1501232	1582470	1587805	1550641	1502782	1431471	1334795	1230253	1117015	1006162	857857	697191	475618	322823	216911	210821	181431	168416	161132	154903	152021	141557	133597	119056	120492	114105	105737	95645	91761	87163	85423	80320	78525	79090	75112	76433	74411	75062	71620	73726	72507	76081	70905	72016	68291	66476	65463	64940	63012	64927
B04	Sample X16	1495012	1560013	1594492	1597696	1590190	1567777	1534338	1494807	1451861	1393462	1323782	1240233	1163145	1074667	1025312	985383	955150	935233	905203	890621	857292	803523	707777	574835	445827	373818	328082	327927	309381	307225	295383	295251	309603	320307	317463	317228	308631	307037	294088	299132	309580	297110	300610	293023	288831	287360	291227	282325	286143	275460
B05	Sample X17	1453648	1518138	1575626	1600903	1587516	1554706	1497501	1442806	1351356	1295596	1204765	1115977	1020205	922877	850807	827017	792737	757551	726531	685967	642386	600811	534988	456426	359930	250997	176625	141503	124253	122838	118828	116163	115281	110393	112323	113433	110675	108641	109750	109063	106598	105651	106662	104136	105225	103517	102660	103982	99425	100217
B06	Sample X18	1440915	1537572	1561733	1553560	1520072	1448401	1370143	1281700	1166731	1054125	920236	773208	614592	505030	425483	384771	349933	308963	272477	235142	207766	164978	137393	117260	100622	92372	86630	82313	81270	78593	75863	73888	74162	72570	71763	73826	74278	71846	74893	69557	68655	68272	68927	65086	67943	64401	64506	64798	63770	62283
B07	Sample X19	1441993	1542772	1563162	1552820	1529428	1459545	1357817	1279013	1211128	1059450	918512	781778	581636	386693	237987	177466	134551	112443	105735	80655	68482	61751	57233	52635	48802	48202	44982	42981	42738	41365	41380	40771	39085	40588	40347	37572	37506	36351	35902	36432	34950	34895	33940	34718	35031	33070	33543	33576	34178	32818
B08	Sample X20	1451336	1524363	1557265	1540103	1503842	1425836	1314600	1181462	1056848	938630	753156	562490	331218	190646	118305	99617	78667	68380	65517	58856	57231	52757	50742	51678	46916	46501	43561	43763	42645	41145	39973	39331	38717	39331	38477	38373	39438	35981	36275	35528	35583	35317	34506	33427	33588	34052	32560	33138	32973	33288
B09	Sample X21	1408505	1545618	1555038	1526903	1470377	1417505	1349452	1264537	1170972	1085526	992362	896346	763437	636158	596423	411692	455435	453432	369420	404058	405918	406841	366615	363506	398055	404376	391202	408031	391941	377881	331247	352765	364420	358037	371695	375486	351208	381215	384038	382272	363850	353487	357705	358392	361391	376078	356813	364537	357640	364876
B10	Sample X22	1428735	1510557	1524778	1508007	1487342	1435711	1363885	1315631	1190761	1097376	988840	861867	680723	501106	465560	424200	393805	430933	377588	377525	329738	313751	311595	342028	367916	318142	302483	282620	327121	319236	237578	233131	228617	222258	282807	284542	267580	264135	235377	137127	176530	184883	166920	310875	225258	200692	192122	197118	219230	157910
B11	Sample X23	1391587	1479417	1543696	1556985	1547383	1497566	1425426	1332716	1246338	1131105	975337	823182	692173	528237	341628	250077	191396	160288	128922	104655	85736	68637	55272	46053	42551	38150	35787	35175	33555	33027	31583	33855	30252	29852	28813	28456	28463	27836	31816	27096	27727	26790	25982	25863	26882	25048	25411	24726	24855	24581
B12	Sample X24	1508787	1555050	1592691	1589178	1582180	1557427	1533312	1483641	1451633	1396810	1333971	1259376	1176048	1082685	1017011	970311	965606	942215	910226	880697	821711	740761	654250	540710	426350	400586	385042	387865	384012	373527	372205	348572	370166	378618	405832	375302	388957	393800	398448	389368	327782	327882	319477	334867	324856	324300	332430	367133	357363	361297
C01	Sample X25	1579355	1579335	1500658	1403638	1221433	1039165	883885	645061	550338	509017	478528	467623	497591	463767	519080	448947	511121	457917	457877	466987	498920	454867	441522	443000	428457	420817	416305	421357	401776	401897	415988	376820	415518	400630	388336	377750	397255	388715	391482	369112	380903	363632	363576	418888	312035	271742	300916	304133	299280	302350
C02	Sample X26	1447897	1525551	1560713	1571113	1549963	1500672	1444137	1380986	1293027	1196693	1088475	961010	836952	708203	641126	568026	513477	483402	402476	313597	254405	213096	178900	139478	111250	81905	68146	61281	56023	54411	53223	52062	52047	51326	49800	49212	48995	46140	47266	44921	45655	45428	43930	44200	42446	44226	42530	42113	40881	40162
C03	Sample X27	1494788	1564130	1570478	1552711	1504997	1441322	1355615	1229121	1106522	967583	839303	651836	446156	272776	177947	160758	130466	120540	112092	107520	103412	102627	93598	86840	85998	78498	81383	73046	68252	71313	65827	70931	68226	63785	69473	69158	67837	63057	63803	62412	62438	61630	60456	60062	58287	57956	60697	56188	55776	54346
C04	Sample X28	1479512	1556232	1586557	1593340	1587107	1570522	1532012	1493723	1459356	1413373	1347442	1283331	1190266	1107778	1050162	999230	966707	945637	922736	900300	867785	818598	766775	659197	509761	373743	318696	298190	287882	281117	266346	267920	297018	304090	300213	305556	308467	291521	291641	294183	278941	277666	267830	273045	275927	256836	273756	275505	271648	261172
C05	Sample X29	1457830	1512548	1579221	1591937	1589500	1550323	1501462	1436831	1359013	1283865	1220358	1121713	1005666	914587	856842	824543	802775	756833	726881	686477	639695	604941	542701	470707	392978	273950	193253	141852	128350	118186	116511	115091	113966	109986	109973	110632	108500	108748	105580	105492	105070	103530	103257	103057	101522	100591	99167	100352	97867	97037
C06	Sample X30	1455216	1529871	1558450	1555713	1511803	1452947	1393516	1298192	1215737	1103488	966163	847396	660566	546532	460192	407076	382031	338937	293362	269215	233397	207971	171171	146683	105160	100982	87292	86292	80067	76341	70916	69255	72261	67470	67926	65050	66487	64591	71443	66246	65257	64310	60870	58815	59306	58475	58761	55851	58160	54450
C07	Sample X31	1432803	1533210	1562918	1560846	1530993	1479332	1397136	1296840	1214310	1092490	990633	834996	672435	469426	277608	197327	149345	127236	106768	84785	75588	71412	56807	53866	49256	46345	44610	43611	40430	38827	37803	39235	36787	36540	35926	35178	34666	34095	33960	33223	32377	33213	31482	33533	32663	29878	30543	28611	29960	29752
C08	Sample X32	1464250	1522545	1559250	1547742	1495787	1417638	1326602	1222111	1082061	928237	754785	568873	379220	200586	124346	93226	79315	67605	59570	57498	51483	49630	47738	43608	43666	40041	39391	38828	36226	38313	34845	34040	35306	33566	32396	31727	32621	32267	32053	30717	30368	29862	28782	30255	29038	28270	29073	27528	26430	26197
C09	Sample X33	1498247	1453200	1504948	1507513	1445837	1396947	1325293	1231485	1135562	1036040	903236	792666	645630	534842	488696	411081	412386	382007	360220	368575	365342	360300	369783	345307	369495	398135	384476	358125	353580	351533	349105	378331	407340	410707	391648	374202	403217	347621	333926	321556	351382	342813	329292	364796	330958	341943	319478	349175	343561	336222
C10	Sample X34	1436813	1490982	1517767	1519536	1500333	1439415	1382291	1294718	1197916	1117068	997715	888363	737580	626190	440058	355545	344118	292791	291518	293807	261552	334537	317643	320921	289965	284475	283692	198458	186236	191843	221322	367280	214068	190583	192141	155835	161743	169916	159861	178143	155327	145253	213675	188938	201172	226636	215962	187377	318415	280735
C11	Sample X35	1400513	1484945	1538373	1559590	1537665	1482551	1389615	1299693	1180671	1065187	933197	778287	592165	427737	269958	184052	164641	124652	107103	93692	71550	59503	49900	45293	38077	37131	35111	32916	32201	29880	29661	28830	28862	28078	26923	26095	26472	25333	24782	24381	23948	24092	23933	23847	23456	22695	25745	22350	22312	22571
C12	Sample X36	1503588	1551462	1588247	1581932	1578915	1555408	1514870	1464540	1436610	1377655	1309050	1237533	1147615	1044603	996893	966806	953320	924853	895633	877323	833547	754653	668052	569961	427773	315152	288607	269918	254142	276673	268473	274233	302692	299325	299386	265122	267886	249917	236510	229948	221061	224128	230998	242143	235503	231930	221070	229158	205486	205858
D01	Sample X37	1513062	1571492	1578732	1551352	1496942	1426640	1323657	1220821	1067540	903676	741940	503080	289535	199776	170298	140701	125973	115778	118393	113665	106556	114151	108158	105740	113428	115447	114988	118263	120450	125035	124923	129361	120238	135790	160583	144543	144952	141122	141298	150417	144683	146217	159215	164693	168792	163658	181321	178596	185087	206033
D02	Sample X38	1478277	1537585	1573148	1562480	1522562	1461598	1374421	1246288	1143122	997722	858976	673212	434572	245868	149960	110166	90608	78020	72268	62993	59762	55868	55060	50956	46931	47493	48487	42726	44326	41545	41757	41060	38800	38913	38363	37061	35930	44736	36521	35936	34458	34238	33361	34252	34353	32385	31480	31700	30607	32216
D03	Sample X39	1461975	1544293	1578550	1564436	1525138	1450808	1358106	1246793	1124020	976762	818747	613480	378457	214026	131491	99770	84236	71766	63892	59936	56045	53125	51670	48848	47817	46000	43558	43925	42493	42671	41712	41567	40892	38670	37305	36498	36692	36127	35527	35746	34731	33542	32783	33517	32370	32866	32807	31222	33577	31027
D04	Sample X40	1412012	1505788	1563378	1573157	1564277	1523670	1458560	1370913	1290356	1198435	1072975	953736	817311	754038	712188	669413	637003	565067	505491	416205	359143	268071	212757	148602	103061	90873	82617	82607	76791	74860	74515	72497	77257	75071	80766	76526	70700	71628	69452	64971	67408	64478	66345	63155	77017	66392	66665	66553	62027	62582
D05	Sample X41	1394728	1497612	1549973	1556466	1521751	1458358	1355517	1241838	1103273	951046	818131	597791	412428	236852	165532	122095	101550	89107	76862	61478	55548	52850	44438	41345	40683	39400	34922	33967	32611	33068	30612	32053	30251	28733	27597	26882	29015	26158	25651	27236	26778	24756	24357	25157	23353	23956	23465	22435	23073	22736
D06	Sample X42	1468626	1543012	1560110	1553195	1501466	1433887	1348743	1224937	1080670	900667	718741	492155	280360	165490	123493	101333	80650	70368	65253	57200	53906	49918	47035	43340	41456	41121	39361	39855	38230	36803	35615	35290	35358	36641	33657	31933	33118	31793	32501	30876	30272	32367	30945	29700	29842	28821	29027	29423	28902	28351
D07	Sample X43	1449860	1521086	1554713	1555935	1520085	1468705	1359358	1268271	1141660	1011150	871443	693128	483702	271358	154267	115493	90298	77143	69140	67065	61911	57055	53793	48425	47032	47766	42868	43927	41670	41633	39372	38797	37625	35306	37863	36578	33892	33710	33876	34251	33257	32126	31950	31716	29968	29392	29235	33847	29776	30118
D08	Sample X44	1474882	1552590	1576391	1567092	1530690	1474221	1403752	1277013	1175028	1042673	889663	706743	495095	288410	158471	118007	96753	84556	73918	65836	62746	57955	53067	50763	47246	45887	44050	43548	42163	40781	40002	38223	37127	36848	35095	35948	34776	34456	35352	32885	32635	31635	32097	31042	30598	33000	29503	31912	29057	28538
D09	Sample X45	1495720	1557222	1558848	1535963	1504927	1436596	1376168	1306615	1216621	1128927	1063813	912096	750741	583622	527210	470086	424810	382113	409710	399650	394430	378573	384941	332633	330135	371338	344292	346558	339581	327203	351007	321506	327772	322872	325307	335648	307813	312167	322968	323500	285835	287052	278921	280795	298152	271061	260790	279158	286772	278501
D10	Sample X46	1419152	1520396	1556640	1557818	1528475	1454831	1353002	1255085	1146606	984170	893835	602736	384830	203165	124001	93513	78747	71246	64225	92118	59668	64138	53160	63217	84228	90695	87622	84911	85106	82965	201562	78995	81012	76533	78433	78402	74875	73820	73307	72843	70485	70747	69088	69757	69007	67387	67225	65230	67458	66631
D11	Sample X47	1441038	1515705	1553512	1548575	1511162	1445976	1371711	1268887	1135533	1023248	864415	695217	480401	267598	158312	109755	91892	81318	68781	66425	60036	56078	55000	50955	50787	47895	46557	46153	43876	42043	42420	41361	41046	39081	38932	36361	36583	36865	37103	35586	34548	33067	32531	31838	33727	31925	31393	34375	30451	31531
D12	Sample X48	1400657	1510472	1569866	1580528	1570247	1536818	1485701	1441162	1372268	1294636	1218791	1095488	981166	914171	881633	856156	834115	811817	777406	722643	650290	531122	388908	247577	174336	162528	157560	150138	150217	147071	143015	151237	141961	138835	146510	141002	137707	146586	148811	143741	138480	137103	137537	134975	130197	131937	129431	141937	142103	133832
E01	Sample X49	1519040	1577261	1597598	1569451	1515788	1435456	1332192	1214530	1074660	927992	739301	539951	307546	238696	183423	173612	157838	144195	148738	152167	144083	143705	135573	127655	129333	124772	135285	131450	137386	138835	145243	154871	185590	184167	179030	178695	205178	187593	204060	183890	210867	197426	204251	229641	233477	240718	239348	242998	235717	242358
E02	Sample X50	1467728	1538697	1575916	1565081	1530883	1428065	1362143	1273377	1123401	1034240	855232	688833	462430	256886	153850	115587	92040	80468	74230	64468	60595	56895	55571	53078	49781	47487	46616	45955	45396	42750	42285	41393	41038	40496	40342	38930	38126	37656	36220	35968	35501	36288	37465	34271	34106	32426	33210	33557	32163	38416
E03	Sample X51	1471045	1546346	1563891	1564736	1523221	1450522	1351535	1241097	1109093	983147	791017	594773	378418	197287	122838	96481	79957	68048	61725	58995	55177	52082	48258	46086	43510	42843	41206	40947	39227	38972	36722	37162	35242	35018	34722	34023	33287	31932	36223	31943	32065	31066	30421	32473	30025	29920	29337	29268	29520	28990
E04	Sample X52	1444776	1508810	1571937	1593816	1577883	1533485	1467210	1402026	1294701	1207511	1085653	950702	809757	744481	714180	681811	644872	595035	542576	461698	398625	329925	249790	199593	157980	106627	82361	75297	73056	70158	69042	67107	65302	70181	66943	64077	63402	61965	69517	64660	61266	61732	61687	60566	61572	60905	57161	60040	61175	58543
E05	Sample X53	1405865	1486855	1539931	1545780	1514615	1454046	1357297	1259078	1104616	957501	782615	581335	343433	226318	159407	139853	111835	95176	79963	67738	57202	53293	49108	46261	44268	43567	40331	39023	37717	38053	38806	35250	34618	33652	32967	32596	34856	30850	30008	29603	29441	29212	28362	30721	30277	27407	26965	28523	27842	28716
E06	Sample X54	1470116	1536518	1565826	1559543	1527073	1459295	1348947	1237252	1115376	977843	819017	623752	420642	226258	145761	112206	88656	75886	67723	62393	60230	53113	49122	47000	43082	41383	40731	39152	37438	36541	35887	34457	37798	33220	32985	32106	31311	31785	31080	30410	30881	29060	28765	28370	27232	28675	28193	26625	26533	26241
E07	Sample X55	1460353	1510923	1555416	1561142	1523026	1460220	1371720	1269030	1146023	1025911	866570	662072	454326	245583	150718	114107	91811	82982	75585	69353	64001	61677	56548	56462	53062	50058	48715	47308	46993	52047	49087	44283	41606	42286	43690	39700	38465	42038	39346	38757	38093	37893	36443	35386	36095	36955	34047	34737	33852	33735
E08	Sample X56	1464708	1529127	1565317	1563583	1537968	1486625	1405830	1275437	1166787	1039242	858435	688868	468971	250522	151173	114527	90163	82250	70787	64180	62520	58298	53401	51066	47955	45925	44740	43575	41041	40622	39703	38593	38440	37292	35148	35810	35013	34280	36047	33168	32992	32048	31847	32400	31918	30351	30006	29767	31396	30131
E09	Sample X57	1523566	1559242	1559181	1531528	1488798	1432463	1370913	1290716	1153158	1111158	1029571	872662	752745	608543	515272	464868	467428	455353	405388	396241	394748	378821	366556	344072	327898	345860	323707	310000	303840	331252	316101	283242	300028	280963	289178	280103	280017	292791	257821	270977	261675	263320	255175	249960	240681	255260	222001	226913	233317	242805
E10	Sample X58	1440637	1531160	1562047	1554546	1522418	1467542	1372850	1278507	1130591	981575	825007	645955	431810	270808	156370	113131	95376	79820	77035	65721	63001	56902	54352	61042	76273	94028	103536	101755	99691	94136	127326	95551	90556	89862	86936	86110	85632	84975	82168	85385	80792	79206	80288	77606	75160	74625	74533	73433	75368	74761
E11	Sample X59	1438370	1514430	1549247	1556387	1517356	1456235	1384878	1282933	1151376	1019822	888886	711558	512313	290705	168660	127618	106627	92966	84700	78190	73268	68978	65495	64152	62246	58670	57885	57532	54933	54272	52762	51596	50933	50037	50405	49655	52357	48106	50067	47553	46270	45646	47088	46271	44433	44216	43751	45877	43166	43536
E12	Sample X60	1454946	1523333	1564047	1581193	1580243	1548185	1490431	1458203	1373852	1308443	1212326	1088833	981872	918352	893795	860751	838528	830802	801835	772111	726487	651446	538510	396250	297740	207308	178632	165530	157575	156988	154495	151648	154242	149377	146758	145007	140810	139621	139853	140065	137866	137745	135720	133847	134310	137368	145262	133298	131028	129591
F01	Sample X61	1491020	1567413	1575123	1548541	1497832	1427316	1325175	1209886	1066750	854247	676550	438433	257198	182403	173423	150723	142395	136923	126387	143942	139116	144198	166186	162865	177057	187972	188163	208750	194286	199573	204581	209498	190681	224741	225323	239190	236512	220488	216161	225526	227580	228445	241675	230580	223976	219175	223705	222130	220161	210155
F02	Sample X62	1469948	1548501	1571276	1559673	1519145	1433992	1294027	1221547	1075011	946140	764123	529498	287765	141997	102718	78045	69525	59630	56042	50222	48138	47452	44900	40768	38608	39723	38690	34741	34137	32552	32750	31688	30705	30102	29283	28723	28287	27677	27377	26637	25863	26891	25962	25321	24855	24832	24710	24166	23392	23105
F03	Sample X63	1462690	1560330	1578365	1546797	1508598	1413083	1308566	1180256	1033977	844508	651013	429460	216897	125016	91217	70601	62331	54473	50585	46873	45122	41277	41017	37940	36911	35501	34968	33121	32678	32193	30448	30348	29671	29145	30023	29795	27306	26982	27346	26391	25853	25566	25556	24576	27251	25172	24498	25181	24833	23928
F04	Sample X64	1455045	1526190	1579313	1598216	1582588	1546413	1475193	1389997	1305858	1224312	1101611	968971	853311	809592	775581	742545	711971	664285	609911	543822	458771	394108	305057	241193	174408	108897	82968	81801	76190	74406	73876	73977	72552	71758	70890	70656	69225	70068	67592	68858	73782	72826	72718	66165	61981	61891	60866	59873	62430	63488
F05	Sample X65	1441777	1515310	1556852	1549230	1510807	1415320	1330213	1178467	1029770	927217	737662	522885	325235	222407	172260	141962	114393	103506	83551	74096	62616	53443	48225	44716	42051	40012	37630	37275	38158	36557	33732	35960	34095	35647	31563	31326	30890	27931	28361	27133	26268	25616	24712	24287	24585	23633	23402	23055	23023	22515
F06	Sample X66	1459651	1539202	1561225	1547993	1513137	1441585	1348682	1251305	1102213	949663	786132	587067	376601	210581	136001	104838	90951	81206	77532	70402	64892	60712	58633	59230	53616	53228	51080	49002	48821	47600	45448	44642	45321	44336	43606	44167	42002	42773	41668	41077	40150	40388	39315	39062	39118	39385	38411	37478	37497	38027
F07	Sample X67	1439638	1508993	1555596	1553831	1523936	1440140	1362425	1240267	1119311	982885	838200	638220	406882	225060	145738	103622	86692	78411	78827	64845	62316	59613	54797	53052	52315	49366	48305	47291	47820	43225	43817	43727	43952	41697	42167	40691	39412	39876	39363	39096	37442	37790	36211	37227	36826	35606	36965	36230	35771	34246
F08	Sample X68	1448997	1519867	1559785	1554422	1523936	1462290	1382488	1251626	1135628	996363	832730	617667	418280	219911	141178	112455	94253	81597	77202	70015	66377	63167	58673	58753	55436	55722	51866	52533	49271	48362	47422	46160	45585	44178	44260	45496	43535	42397	41982	41696	41275	40765	40317	39828	40070	39425	38966	38451	38182	37423
F09	Sample X69	1510660	1562240	1565685	1542066	1488961	1427058	1333625	1268101	1169516	1048383	921475	770530	624532	444610	402857	365281	292581	318145	265771	282878	278690	264150	266236	260737	299146	267880	238827	243692	242073	254255	220880	281372	304146	303811	298490	292506	251227	261948	276735	244887	255497	268518	269253	256312	233973	239368	265178	253703	222990	226402
F10	Sample X70	1446403	1521358	1561206	1566002	1531116	1468256	1369876	1265251	1141478	1005586	834033	632017	397220	202550	133553	157758	177316	76813	72241	59740	53440	50757	46882	50617	74501	86890	90370	88788	87167	84621	84532	81780	80436	79578	78672	80725	77645	74446	74238	151213	75318	71281	71288	201758	70790	68751	71653	69807	65915	65582
F11	Sample X71	1442355	1513012	1559572	1552175	1518465	1457626	1346202	1261003	1121833	993582	838972	648025	420498	229580	143313	97480	83731	73538	65043	58341	55825	51587	50690	49412	44671	43353	42491	40542	39353	38583	38011	39715	35897	34683	36143	34631	33252	33041	32656	32168	31337	31626	31757	30830	31505	28512	31890	27771	28638	27430
F12	Sample X72	1444201	1507976	1573741	1592763	1590133	1566795	1518565	1468906	1389483	1313058	1213600	1095070	980750	912901	888298	879060	846615	827133	797956	744851	669678	592533	470066	340292	231691	193823	167331	160860	160462	153436	150963	152632	152058	153086	145643	142645	143702	143143	142400	143117	139935	138691	137653	136316	135143	137007	136566	130525	131588	131736
G01	Sample X73	1555190	1608007	1612827	1584648	1568762	1516520	1451531	1380116	1288523	1166866	1049116	893517	707535	437127	288366	180236	141322	121982	115728	111920	104445	109047	108485	97223	106202	104291	104420	94711	96925	112802	116532	120382	125992	128261	131601	133772	132088	131586	134447	125916	135731	129500	130396	129058	129816	127128	130042	126776	129351	127277
G02	Sample X74	1487615	1557327	1567938	1557723	1520953	1427508	1405452	1299683	1196925	1065857	948857	778691	597796	417328	379381	314808	345825	310485	318466	326213	283653	330047	284515	293437	315370	298095	305287	337957	308188	308503	358636	345495	366836	376655	338091	362143	371116	364538	357901	353172	319553	321683	321182	355670	341305	322958	312720	328960	332737	309048
G03	Sample X75	1458070	1521890	1539318	1553108	1500276	1485305	1411768	1342103	1279096	1185430	1054625	934703	780233	592070	519563	423725	406492	415078	422876	414782	385873	389898	393802	383761	388626	387670	387968	419863	413647	379925	372440	367383	409405	395607	383286	376045	379026	380315	385476	415232	382301	412622	410603	431691	399053	416032	467917	425370	419636	417510
G04	Sample X76	1530231	1594835	1607610	1598335	1506905	1487862	1351513	1246100	1121457	946538	811893	653907	422458	301903	199661	195782	192226	164800	147117	149850	169373	167531	171510	178725	186007	203653	183331	191927	194921	193751	191418	186201	194185	179456	175381	183047	179953	177547	175352	166687	179013	170350	164371	171677	158308	173230	163736	165567	157822	166151
G05	Sample X77	1541015	1577181	1589061	1583061	1536103	1473175	1369203	1269032	1127051	1005503	832796	653093	433647	256000	191771	169995	153067	148647	153932	148432	139606	156765	170616	169630	188852	185498	180352	190176	172613	185896	181767	188428	208455	195460	205847	196241	192702	194547	203568	197925	217612	231337	250833	252475	287848	287658	299375	317285	309913	313471
G06	Sample X78	1551252	1599478	1612287	1584608	1555653	1478661	1348323	1257232	1130938	979042	818753	636206	443333	287121	207302	186800	196248	180305	165272	166923	153682	165141	165062	160717	156736	153970	165475	157547	159663	168182	164351	168686	160216	160681	169090	163625	155167	157011	156238	161361	150366	153855	148662	149815	140047	143825	149018	144863	139360	140712
G07	Sample X79	1431547	1501911	1555132	1560663	1537122	1483770	1407001	1293530	1214791	1096247	985037	856530	697420	602230	537833	492806	460927	407983	362752	308385	253325	217547	156725	115830	97557	80301	70766	54655	48795	46801	43810	42758	43435	39200	39088	39422	40550	38245	36856	39361	37523	38202	35326	35040	36627	35862	34106	39251	35566	35376
G08	Sample X80	1407608	1495578	1545933	1562701	1543980	1490403	1414942	1334878	1244075	1139432	1026495	879055	740406	629493	584963	542473	515035	461216	423973	359217	320220	237138	185376	153428	106123	98181	77131	70185	54352	51903	51208	52362	50377	49632	47268	49108	47403	47528	46226	45425	46626	45726	42548	41842	43346	43440	40802	41707	42107	39666
G09	Sample X81	1439301	1512081	1562851	1572836	1551560	1488685	1410840	1326526	1217387	1111526	978236	847267	682637	620825	554792	504960	464708	431940	393675	337727	273736	208221	172233	122887	98788	77050	73516	51395	45445	42222	39445	39725	39013	39366	38198	38296	39960	36425	35352	35340	34836	35166	34252	32831	32632	32738	31826	32480	31078	30746
G10	Sample X82	1457737	1527135	1565478	1561311	1517540	1444415	1341717	1246675	1108402	959570	800007	629708	419875	254481	142857	106057	83038	70778	63093	52651	52325	46908	47016	43715	40743	39970	38958	35692	33995	33885	33070	32228	31402	30368	30151	30008	29191	29436	27278	27670	26436	27762	27401	28020	25273	26022	24927	26980	24240	23842
G11	Sample X83	1461862	1535197	1572176	1567265	1537862	1466907	1388601	1259681	1116736	972511	816200	623101	385352	195692	124536	95368	81616	67363	61271	55202	52736	49703	46960	44983	44597	42061	40742	39215	38407	37015	37886	35207	35531	35258	33128	32586	33468	33301	30837	31113	29372	29462	30017	30290	29168	27896	27237	28572	26848	32191
G12	Sample X84	1491236	1554881	1582046	1566093	1509382	1445278	1324525	1204932	1039967	885342	722597	510611	308750	162760	108823	90451	75513	67345	63936	56650	57207	53040	51005	48963	46427	45632	43887	43300	41517	42140	39011	39127	39906	37666	38501	36777	35912	36102	34947	35075	36581	35836	38671	33511	32663	33747	33021	32111	31932	31362
H01	Sample X85	1527415	1582763	1586245	1554587	1508727	1419431	1304692	1174067	1038932	866473	675160	478511	275991	190192	158378	142318	122661	108711	102765	97592	105412	93022	85203	85626	78573	78323	87071	102343	88635	94858	86538	98955	91846	89512	87307	86681	86435	84311	82761	81602	84287	79121	83422	79871	79442	87693	83756	79625	79436	78281
H02	Sample X86	1536607	1586013	1587061	1551175	1506660	1436335	1354751	1207143	1065643	942572	788121	582406	383182	277152	225278	204157	183973	178275	151550	150183	140165	120671	106286	95688	85240	98218	81202	81450	79161	77911	81955	83772	80108	80375	76763	74687	72925	75926	73830	71582	66366	63220	65297	61201	61922	57320	62567	60736	57793	57750
H03	Sample X87	1498665	1551043	1574622	1554917	1500251	1438841	1349470	1224725	1107847	952618	791397	580030	387597	269953	229428	202468	185172	169213	150700	138732	134926	114731	106151	100890	89277	84263	78498	73711	73577	70797	73295	73045	74475	72332	72667	70497	72491	70246	71610	71387	69042	67795	71726	67205	66710	68698	64693	65355	62792	63540
H04	Sample X88	1468230	1558255	1572418	1544803	1464602	1351640	1207838	1089938	910657	747336	544573	340997	169850	101885	76930	63552	57151	51933	48860	45115	44097	41272	38282	37716	35911	34090	33055	32457	32448	32681	31028	29608	29191	31173	30760	27551	27958	26143	27417	26165	25847	24965	24885	25455	23895	25818	23727	23281	23736	22490
H05	Sample X89	1480191	1543793	1576343	1561296	1502855	1408040	1296237	1160975	997502	796056	585677	349715	173831	103076	80401	67966	62082	56751	50176	49197	45603	44625	43990	42508	39793	38591	38611	37445	35565	34701	33838	33986	33321	32725	32250	32147	30935	31711	30553	29762	29475	31182	29182	28427	28516	27963	27518	27521	25893	26056
H06	Sample X90	1477395	1550733	1575196	1536588	1454195	1323867	1180920	1034683	851553	696301	490171	281321	138730	89853	70246	57558	51862	47503	44816	43998	41487	37600	37195	36137	35041	34422	33841	32268	32598	30852	30813	31178	29381	29085	28180	28525	27932	28881	28370	27490	26918	27242	27195	26086	26265	25568	26307	25452	24582	24776
H07	Sample X91	1455910	1540595	1572573	1569717	1534767	1447763	1336937	1201525	1059907	850612	668025	430086	208648	119975	88516	75653	64127	57692	54910	51730	49802	47658	43526	44600	42296	39772	38727	39553	36923	36932	35682	34832	33956	33042	34611	32452	32325	33806	30486	31787	29421	29105	29391	30451	28036	29367	28110	27148	26565	27005
H08	Sample X92	1490262	1561040	1580577	1566006	1500691	1399628	1304223	1183801	1063926	907056	703858	447063	233212	136920	101048	84271	73613	66586	61910	59470	54931	52507	49980	46677	45560	44281	43002	40782	38822	38850	38695	37566	36973	36553	35493	34210	34027	34615	33660	32090	31848	32703	32296	30432	31117	30032	29526	29143	29293	28696
H09	Sample X93	1480025	1548873	1567868	1526802	1417222	1293523	1165155	995851	799258	618778	420621	229641	122705	85581	64592	54753	48187	43857	40580	39577	38331	36057	35303	33738	32830	31077	30277	30245	28972	28372	28460	26795	26667	26052	26991	27337	25418	26826	26045	23508	23867	25720	23777	23017	23183	24288	22578	23240	22280	21455
H10	Sample X94	12216	16251	13030	12656	15203	12321	26621	16082	464235	550803	14978	15823	515888	14853	241805	542691	351843	518872	531952	465020	482383	464790	477607	503470	489770	128872	12586	399880	12851	204200	349846	256621	12306	472816	12592	13095	200773	440678	206611	226763	465128	12387	12757	462350	425260	241537	215351	472300	248732	13438
H11	Sample X95	5021	5177	4172	463136	178140	5665	6032	4008	3940	4531	240897	556731	6188	416216	3911	4713	160112	234650	544995	457441	363141	428236	183318	6183	7012	3941	4103	89101	4403	332056	4907	4388	439437	4481	4445	4441	332912	4871	330786	3823	4368	221088	339410	452397	4056	331540	385793	441513	4247	4593
H12	Sample X96	7555	406356	565018	6990	527336	6347	212937	528740	524872	547508	9053	7946	8292	6171	573615	541593	238575	207093	512633	6638	8116	203933	7367	368402	513495	254265	6241	466578	5933	5575	263000	366805	266740	6206	455551	5895	6011	449141	6335	6632	6003	431157	6213	303063	474537	238208	7332	428898	5911	421783